-0.062042 0.053475 -0.383818 0.272685 0.020409 0.223018 -0.044066 -0.084081 -0.104477 0.248224 0.178243 -0.326847 0.138281 -0.105142 0.023075 0.039639 -0.092552 -0.094757 0.221988 -0.129763 

0.000000 0.000000 0.000000 0.000000 0.000000 1.000000 1.000000 1.000000 1.000000 1.000000 1.000000 0.000000 0.000000 0.000000 0.000000 0.000000 0.000000 0.000000 0.000000 0.000000 1.000000 1.000000 0.000000 0.000000 1.000000 1.000000 1.000000 1.000000 0.000000 0.000000 0.000000 0.000000 0.000000 0.000000 0.000000 0.000000 0.000000 1.000000 0.000000 0.000000 0.000000 0.000000 1.000000 1.000000 1.000000 0.000000 0.000000 0.000000 0.000000 0.000000 0.000000 0.000000 0.000000 0.000000 0.000000 0.000000 0.000000 0.000000 1.000000 1.000000 1.000000 0.000000 0.000000 0.000000 0.000000 0.000000 0.000000 0.000000 0.000000 0.000000 0.000000 0.000000 0.000000 0.000000 1.000000 1.000000 1.000000 0.000000 0.000000 0.000000 0.000000 0.000000 0.000000 0.000000 0.000000 0.000000 0.000000 0.000000 0.000000 1.000000 1.000000 1.000000 0.000000 0.000000 0.000000 0.000000 0.000000 0.000000 0.000000 0.000000 0.000000 0.000000 0.000000 0.000000 1.000000 1.000000 1.000000 0.000000 0.000000 0.000000 0.000000 0.000000 0.000000 0.000000 0.000000 0.000000 0.000000 0.000000 0.000000 1.000000 1.000000 1.000000 0.000000 0.000000 0.000000 0.000000 0.000000 0.000000 0.000000 0.000000 0.000000 0.000000 0.000000 1.000000 1.000000 1.000000 1.000000 0.000000 0.000000 0.000000 0.000000 0.000000 0.000000 0.000000 0.000000 0.000000 0.000000 0.000000 1.000000 1.000000 1.000000 1.000000 0.000000 0.000000 0.000000 0.000000 0.000000 0.000000 0.000000 0.000000 0.000000 0.000000 1.000000 1.000000 1.000000 1.000000 0.000000 0.000000 0.000000 0.000000 0.000000 0.000000 0.000000 0.000000 0.000000 0.000000 0.000000 1.000000 1.000000 1.000000 1.000000 0.000000 0.000000 0.000000 0.000000 0.000000 0.000000 0.000000 0.000000 0.000000 0.000000 0.000000 1.000000 1.000000 1.000000 1.000000 0.000000 0.000000 0.000000 0.000000 0.000000 0.000000 0.000000 0.000000 0.000000 0.000000 0.000000 0.000000 1.000000 1.000000 0.000000 0.000000 0.000000 0.000000 0.000000 0.000000 0.000000 0.000000 0.000000 0.000000 0.000000 0.000000 0.000000 0.000000 1.000000 1.000000 1.000000 1.000000 1.000000 1.000000 1.000000 1.000000 1.000000 1.000000 1.000000 1.000000 1.000000 1.000000 1.000000 1.000000 0.000000 1.000000 1.000000 1.000000 1.000000 1.000000 1.000000 1.000000 1.000000 1.000000 1.000000 1.000000 1.000000 0.000000 0.000000 0.000000 

0.095417 0.153798 0.231011 0.301318 0.380414 0.464532 0.536095 0.588826 0.640301 0.640301 0.646579 0.604520 0.553045 0.490270 0.392341 0.259887 0.136221 0.216573 0.291274 0.340239 0.383553 0.402385 0.433773 0.413057 0.439422 0.435656 0.443189 0.437539 0.425612 0.424984 0.387320 0.231638 0.152542 0.254865 0.300691 0.320151 0.334589 0.316384 0.307596 0.274953 0.280603 0.271814 0.290019 0.306340 0.347144 0.374765 0.378531 0.234777 0.156937 0.274953 0.295669 0.288136 0.284997 0.263026 0.235405 0.202134 0.224105 0.226616 0.253610 0.290647 0.311990 0.349027 0.341494 0.205901 0.203390 0.307596 0.329567 0.305712 0.284369 0.268675 0.244821 0.236660 0.258004 0.284369 0.301318 0.313873 0.322034 0.326428 0.295669 0.161959 0.222222 0.324545 0.342750 0.325800 0.318267 0.305712 0.309479 0.309479 0.340866 0.342122 0.350282 0.320151 0.296924 0.258632 0.237916 0.133710 0.242938 0.350282 0.355932 0.359071 0.370370 0.389203 0.389831 0.403641 0.414940 0.410546 0.387320 0.342750 0.294413 0.234777 0.213434 0.141243 0.259259 0.347144 0.345261 0.325173 0.337100 0.351538 0.391086 0.416196 0.430006 0.414313 0.385436 0.341494 0.300691 0.252354 0.233522 0.141243 0.301946 0.406152 0.368487 0.352793 0.357815 0.370998 0.389831 0.414313 0.428123 0.420590 0.416196 0.392341 0.394852 0.377276 0.333961 0.178908 0.331450 0.401130 0.338983 0.288136 0.298180 0.300063 0.314501 0.337100 0.357815 0.332706 0.338983 0.355932 0.408663 0.429379 0.389831 0.209667 0.344633 0.404269 0.335844 0.277464 0.266164 0.263653 0.256748 0.259887 0.265537 0.254865 0.276208 0.300691 0.362210 0.426240 0.402385 0.238544 0.353421 0.423729 0.344633 0.264281 0.229755 0.214689 0.211551 0.198996 0.207156 0.204018 0.239171 0.272442 0.341494 0.382925 0.379159 0.229127 0.351538 0.440050 0.375392 0.283114 0.236033 0.205273 0.205901 0.192718 0.225361 0.231011 0.279347 0.320151 0.386064 0.399247 0.350282 0.192090 0.298807 0.424984 0.428123 0.387947 0.338355 0.298807 0.283114 0.295041 0.315129 0.334589 0.377276 0.407407 0.440678 0.399247 0.283741 0.139360 0.246077 0.391714 0.485248 0.563716 0.595104 0.614564 0.636535 0.621469 0.615191 0.573760 0.546139 0.484620 0.415568 0.315129 0.214062 0.103578 0.106089 0.164470 0.239171 0.316384 0.399247 0.443189 0.462021 0.438167 0.430006 0.352793 0.275581 0.215317 0.173258 0.133082 0.093534 0.040804 


0.000539 -0.003793 0.028245 0.042751 0.042357 -0.111135 0.039339 -0.025169 0.008863 0.084273 -0.024512 -0.049949 0.049208 -0.009412 0.005341 -0.021109 0.047675 -0.088455 0.014237 -0.103155 0.073512 0.012875 0.062527 -0.097236 0.079657 -0.066438 -0.013845 0.064342 -0.048605 0.029250 0.020160 0.063347 -0.092177 0.204478 0.001745 -0.019854 0.003984 -0.099010 -0.033191 0.111297 -0.072849 0.120976 -0.029386 0.042552 -0.064340 0.024638 -0.123955 -0.038555 -0.125228 -0.017054 -0.034935 -0.005963 0.057790 0.060573 -0.018966 -0.029384 -0.017252 -0.081252 -0.069390 -0.003583 0.031200 0.038501 0.085290 -0.001538 0.029545 0.056745 -0.022147 -0.002549 0.085189 -0.169160 0.075489 0.023225 -0.026635 0.134672 -0.004599 -0.014720 -0.089790 -0.066638 0.032828 -0.056456 0.050533 -0.047943 0.001188 0.004040 -0.016037 -0.008830 0.137626 -0.171613 0.067845 -0.050704 -0.002740 0.048786 0.080106 -0.007776 0.007884 0.092004 -0.027340 0.016763 0.020717 -0.017442 -0.022823 -0.022244 0.033366 0.010278 -0.046087 0.060262 0.026343 -0.044947 -0.031249 -0.010431 -0.009474 0.059829 0.024762 -0.087202 -0.007254 0.075095 -0.003607 0.055700 -0.039445 -0.010714 0.048003 -0.080157 -0.053621 0.083503 0.002611 0.022886 -0.078623 -0.037610 0.072341 -0.077485 0.068871 -0.043984 -0.047812 -0.042490 0.064160 0.018399 -0.068783 0.103139 0.006753 0.007213 -0.096976 0.077483 -0.045753 0.058291 -0.046935 0.069193 -0.096771 0.130966 -0.061531 -0.003130 -0.019034 0.033737 -0.043699 0.067299 -0.099859 0.036662 0.012593 0.013772 -0.008501 -0.064838 0.049954 -0.067226 0.111412 -0.061732 -0.017201 0.039676 -0.032768 0.057922 -0.091803 -0.008667 0.054471 0.045869 -0.022960 -0.042267 0.032939 0.035101 -0.005575 -0.028282 -0.025867 -0.065792 0.139385 -0.091951 -0.007823 0.034988 -0.079657 0.091518 -0.041446 -0.091757 0.039369 -0.028362 0.008990 0.039432 -0.007025 0.025327 0.071928 0.005937 -0.096131 0.023401 0.038158 0.016245 0.059554 -0.061678 0.021958 0.021004 0.089860 -0.080857 0.003027 -0.136597 -0.003106 -0.025326 -0.049414 0.041146 0.035452 0.077524 -0.209388 0.121514 -0.083435 0.069243 -0.030581 -0.022290 -0.021739 -0.002272 0.179771 -0.082683 -0.041091 0.020027 0.116663 -0.132319 0.025530 -0.087824 0.043488 -0.008704 0.026771 -0.074700 0.025958 0.034368 -0.071558 0.070007 -0.085308 0.095785 -0.030604 0.033609 -0.013557 0.023914 -0.022783 0.028646 0.025780 -0.048340 0.055821 -0.026431 -0.010719 0.050706 -0.051118 0.008928 -0.031556 -0.055941 

-0.005438 -0.049966 -0.019720 0.002128 0.059096 -0.039205 0.076345 -0.105269 0.051391 0.002358 0.014979 0.000403 -0.042384 0.043519 -0.087579 0.062610 -0.000127 0.156070 -0.109908 0.056904 -0.113756 0.063363 -0.092974 0.111804 -0.062497 -0.001914 -0.006828 0.029157 0.021700 0.069925 -0.043733 -0.000777 0.021717 -0.099841 -0.003808 0.104643 -0.007300 0.027580 -0.060980 0.035024 -0.054096 0.061307 -0.011140 -0.054697 -0.102350 -0.023747 -0.007078 0.058552 0.056518 0.021796 0.037898 -0.086349 0.036829 0.015826 0.176315 -0.141792 0.066153 -0.054158 0.069258 -0.025339 0.101369 -0.027772 -0.022468 0.026891 -0.051313 0.104621 -0.088666 0.025881 -0.061574 -0.055537 -0.110681 0.202422 -0.086968 -0.012503 0.080657 -0.043839 -0.062275 0.039667 -0.046606 -0.068924 -0.141253 0.035601 -0.029254 0.073062 -0.099523 0.172532 -0.070085 -0.085233 0.070156 -0.021923 -0.032626 0.023872 0.073732 -0.020817 0.041788 -0.086335 0.135878 -0.048552 0.061247 0.003210 -0.013049 -0.075495 0.094450 -0.035481 0.028504 -0.024499 -0.010422 0.047307 -0.031156 -0.032607 0.113965 0.074182 0.051628 -0.081462 -0.050094 0.068214 0.037705 -0.001404 -0.069436 0.078745 -0.060339 0.062452 -0.058406 0.016039 0.022319 0.004027 -0.070594 0.010833 0.035124 0.040666 0.020575 -0.116496 0.036592 0.046942 0.035856 -0.119662 0.112901 -0.030227 0.017245 -0.005931 -0.064825 0.101670 -0.088188 0.014327 -0.018624 -0.078110 0.082206 -0.025497 -0.003806 -0.050259 0.046443 0.026211 -0.013654 -0.043345 0.060657 -0.030362 0.005288 -0.008351 0.022065 -0.004464 0.084782 -0.151002 0.074069 -0.025455 0.001671 -0.015027 -0.042780 0.005525 -0.007421 -0.009019 -0.065745 0.167132 -0.111324 0.014764 0.109579 -0.142954 0.082459 0.037828 -0.018332 -0.034966 0.060885 0.006864 0.018103 0.011452 0.000848 0.019979 -0.050992 -0.080449 0.051621 -0.081774 0.076961 -0.011428 -0.074344 0.027015 -0.013823 0.052808 -0.044864 0.020575 0.009483 -0.023109 -0.017953 0.086589 0.014535 -0.003855 0.051782 -0.028674 -0.045968 -0.008403 0.058246 -0.041761 0.052690 -0.025190 -0.083519 0.042101 0.027456 -0.055182 0.013017 -0.051505 0.033953 -0.030910 0.001502 0.017529 0.013874 0.009285 0.050936 -0.097243 0.041609 0.001755 -0.036108 0.095941 -0.062238 0.044860 0.047652 -0.017773 -0.024218 0.042254 -0.013853 0.001984 -0.067766 0.018793 0.038725 0.010022 0.010778 -0.056496 0.043843 -0.055851 0.022808 0.034669 -0.089157 0.085040 -0.094920 0.079253 -0.054286 0.006410 0.093031 0.047071 

0.008754 0.044438 -0.056521 -0.036022 0.095679 -0.028439 -0.096807 0.056578 0.081770 -0.073553 -0.091913 0.132475 -0.053558 0.079294 -0.015673 -0.018103 -0.020549 -0.037139 0.023951 0.063569 -0.103823 0.060615 0.023516 -0.081910 -0.001328 0.080925 -0.017124 -0.008109 0.002317 0.016775 -0.138756 0.075061 0.092584 -0.022873 -0.033428 0.020311 0.008375 -0.010033 -0.079736 0.113018 0.021352 -0.127368 0.045976 -0.037531 -0.011348 0.094025 -0.029028 0.044413 -0.030154 -0.042679 0.075585 -0.125687 0.065307 0.087673 -0.060601 -0.027252 -0.025700 0.151803 -0.001668 -0.000793 0.014783 -0.116036 -0.020999 -0.040988 0.042239 0.029423 0.040173 0.019391 -0.095998 -0.044043 0.062434 0.040468 -0.067197 -0.024639 -0.031097 0.043181 0.002243 0.080772 -0.004489 0.038822 0.041104 -0.109975 -0.002442 0.050521 0.005207 -0.030749 -0.041500 0.016816 -0.043024 0.066673 0.009012 -0.045639 0.042832 0.022859 -0.047944 0.018782 -0.019328 0.020718 0.017810 -0.123075 0.090076 0.005922 -0.009247 0.051785 0.029431 -0.059632 -0.022859 0.097201 -0.115182 0.032267 0.024669 0.058167 0.012323 -0.035172 0.000898 0.081149 -0.105077 0.101602 -0.017230 -0.061233 0.008006 0.022765 0.018655 -0.017253 0.008763 0.012360 -0.021532 0.004413 0.075092 -0.047835 -0.020614 0.025046 0.009156 -0.042216 0.019287 0.033977 -0.000659 0.006482 -0.055233 0.037305 -0.092430 0.029468 0.115125 -0.107710 -0.011402 0.091985 -0.040006 0.074201 -0.189339 0.110663 0.045714 -0.113058 0.095446 -0.052197 -0.020116 0.055466 0.027878 -0.051292 -0.051752 0.026557 -0.117560 -0.002762 -0.038278 0.011746 0.110763 -0.137671 0.021344 0.027362 -0.080556 0.064253 -0.006615 -0.074932 0.069323 -0.011203 0.102255 -0.067831 0.017666 0.063417 -0.035505 0.027536 -0.091970 0.113172 -0.030576 0.047394 -0.017471 -0.006981 0.061271 -0.010125 -0.066916 -0.023208 0.002445 0.025396 -0.038838 0.010649 -0.007040 0.021143 -0.025014 0.004764 -0.001138 -0.028359 -0.021611 0.026781 -0.032087 0.004064 0.060029 -0.016868 -0.094270 0.044951 0.017002 0.018319 0.026179 -0.092495 0.102653 -0.017149 -0.029020 -0.020968 0.036499 0.022294 -0.024406 -0.004836 0.009571 0.033715 -0.042240 0.033261 -0.015830 -0.032353 0.102108 -0.120114 0.089786 -0.117057 0.062680 0.109520 -0.104516 -0.009944 -0.046681 0.178213 -0.211732 0.170297 -0.019193 -0.102095 -0.047891 0.045692 -0.012383 -0.025316 0.027767 -0.002743 -0.046441 0.055133 -0.010273 0.014839 -0.034651 -0.002108 0.035343 -0.076068 0.043303 0.121093 

0.072945 -0.011103 -0.035308 -0.016276 -0.029872 -0.028462 0.111414 -0.078783 -0.031228 0.015334 -0.019506 -0.028252 0.074529 -0.093098 0.000908 0.030815 -0.065393 0.012175 0.013328 0.034292 0.030296 -0.055696 0.016543 -0.001282 -0.013473 0.040933 -0.014846 0.018208 -0.041814 0.010373 -0.025045 -0.087674 0.044377 0.052169 -0.047549 -0.000467 0.003062 -0.030969 -0.000346 0.082340 -0.135245 0.034127 -0.045215 -0.040116 0.030356 -0.064449 0.085574 0.127697 -0.100559 0.062741 -0.108928 0.086254 0.041898 -0.022403 0.013874 -0.057482 0.022033 -0.073894 0.104996 -0.005374 0.052183 0.046662 -0.131697 -0.030873 -0.020291 0.059655 0.009907 -0.055736 -0.053749 0.018274 -0.022459 0.056840 0.033668 0.023362 -0.041199 -0.049581 -0.063475 0.083317 -0.108571 0.113077 0.043520 -0.161754 0.022732 0.044832 -0.025253 0.035143 -0.074242 0.049954 -0.090516 -0.012480 0.063750 0.014830 0.028836 0.030288 0.004456 0.168548 -0.023286 0.153604 -0.039750 -0.011004 0.049512 0.051633 -0.114657 0.099627 0.059726 -0.058153 0.007080 -0.013069 0.009035 -0.069443 -0.080847 -0.015952 0.045600 -0.116181 0.075238 -0.030484 -0.060111 0.027418 0.016338 -0.084296 0.061054 -0.020143 -0.008876 -0.056601 0.050056 0.044912 -0.033231 0.015079 0.081379 -0.109758 -0.006180 0.133936 -0.061415 0.012202 0.052830 -0.039197 0.017454 -0.050755 0.153630 -0.125565 0.084966 -0.038268 -0.047204 0.022457 0.106794 -0.109651 0.081555 -0.046123 -0.006611 0.000988 0.033959 -0.056028 0.057665 -0.098252 0.019851 0.014682 0.014061 -0.089303 0.099581 0.012708 -0.082930 0.021939 0.041835 -0.031068 -0.044234 0.051269 -0.108260 0.042195 0.044109 0.032722 0.004089 -0.070824 0.045409 0.005561 0.033977 -0.000969 -0.061785 0.158917 -0.150055 0.005233 0.173866 -0.015296 0.017203 -0.052813 -0.099452 0.055260 0.017830 0.023944 0.054096 0.029936 -0.065391 -0.066507 0.011050 -0.018355 0.070721 -0.045128 -0.061888 -0.096731 0.112079 0.008936 -0.048550 0.051149 -0.125506 0.023402 -0.022903 -0.045498 0.010720 0.168274 0.017438 -0.074559 0.044018 -0.010166 0.056369 0.027519 0.037973 -0.111385 0.056841 0.029976 0.032730 0.003814 -0.050328 0.055488 0.011344 -0.183874 0.056884 0.014019 -0.000036 -0.007916 -0.024050 -0.039338 0.038014 0.037897 0.030529 -0.054840 -0.048911 0.033453 0.027489 -0.063340 0.025087 0.113149 -0.011812 0.006640 -0.058676 0.032546 0.021667 0.026497 -0.056112 0.039039 -0.046022 0.003933 0.057250 -0.020344 -0.036081 -0.029742 -0.029881 -0.015772 

0.012951 0.100392 0.071451 -0.128681 0.035420 0.019109 -0.001042 -0.030586 -0.005325 0.057709 -0.079317 0.068667 -0.081471 0.024458 0.076562 -0.054768 -0.126684 0.005321 -0.030464 0.032496 -0.026053 -0.001597 0.019346 -0.075950 0.084974 -0.077328 0.072238 -0.013722 0.045450 -0.041912 0.021534 -0.027382 0.142802 0.002731 -0.006822 0.056367 -0.003256 -0.039040 0.081479 -0.007560 -0.048118 -0.044509 0.057873 -0.087339 -0.004191 -0.067524 0.100710 -0.030923 -0.061917 -0.071992 0.060017 -0.118753 0.117885 -0.055673 0.020887 -0.044566 0.099973 -0.120067 0.065437 0.001576 -0.052223 0.079448 -0.053374 -0.002826 0.071106 -0.047835 0.048306 0.040746 -0.126575 0.017283 0.052426 -0.111918 0.161277 -0.070575 0.024691 0.010963 -0.004053 -0.001524 -0.027170 0.019127 0.016183 0.017809 -0.065648 0.025795 0.048254 0.021190 -0.000620 -0.085249 0.056206 0.032928 -0.011705 0.038973 -0.117023 0.058893 0.018234 -0.046473 0.014499 -0.047498 0.079625 -0.030790 -0.013577 -0.085038 0.049935 -0.008802 0.053444 -0.073098 0.083195 -0.068869 0.053776 0.048199 -0.065699 0.057949 0.045276 -0.056613 0.029878 -0.116546 0.231408 -0.184041 0.218075 -0.150807 -0.061705 0.097485 -0.079527 0.129422 -0.097957 -0.069393 0.047248 0.046793 -0.035072 0.079178 -0.024014 0.015962 -0.055380 -0.031880 0.033363 0.054435 0.000710 0.043474 -0.095849 0.057647 -0.009239 -0.005049 0.024465 -0.080456 -0.034187 0.061659 -0.000678 -0.052501 0.121841 -0.043964 -0.006237 -0.075248 0.036991 -0.023414 0.001357 -0.001776 0.031766 -0.029376 0.027253 -0.041103 -0.079558 0.023547 0.041875 0.014077 -0.051814 0.086715 -0.022648 0.060268 0.011524 -0.027318 -0.009844 0.045111 0.020380 -0.055176 -0.004482 0.059658 -0.017910 -0.014354 -0.040452 -0.078912 0.099032 -0.077132 -0.021897 0.019460 0.070168 -0.023534 -0.009275 -0.055776 0.054534 0.053500 -0.012671 0.097089 0.013726 -0.001281 0.102192 -0.045642 -0.004751 0.011057 0.004854 -0.063533 -0.057618 0.059183 0.040928 -0.008389 0.011991 0.009690 -0.051612 0.001277 -0.004177 -0.054842 -0.041900 -0.008043 0.030994 -0.024037 0.004301 0.037157 0.051538 -0.017212 -0.043583 0.057413 -0.044872 -0.017504 0.020661 0.007593 -0.024843 0.084670 0.058176 -0.058156 0.105985 -0.025930 -0.051730 0.054370 -0.013273 -0.051863 -0.004381 0.050634 -0.059987 0.047886 -0.026653 0.030686 -0.002360 0.008984 -0.050114 0.008425 -0.063161 0.000426 0.002221 0.031173 -0.074788 0.194811 -0.152164 0.010130 -0.062911 0.081997 -0.005134 -0.026812 

0.044910 -0.003438 -0.023851 0.055036 -0.052377 -0.054557 -0.021675 0.049745 0.040166 -0.123741 0.058993 0.075562 -0.090360 0.028892 -0.110080 0.074244 -0.045543 0.021029 0.031818 -0.010368 0.004921 0.001997 0.002573 -0.048713 -0.004805 0.076235 -0.039144 -0.008941 -0.039461 0.100165 0.022810 0.059985 0.129614 -0.095706 -0.012438 -0.018675 0.102545 -0.034061 -0.051913 0.119396 -0.151178 -0.031312 0.070840 -0.031726 0.015125 -0.029196 -0.128742 -0.016925 -0.058177 0.038254 0.054265 -0.018227 -0.078040 -0.043193 0.074535 -0.009105 0.058721 0.017400 0.072097 -0.097842 0.080963 0.059991 -0.038524 0.043277 0.013418 0.025050 -0.139982 0.082657 0.050449 0.075629 -0.052960 -0.019176 0.065626 -0.134022 0.012783 0.050665 -0.006083 0.001230 0.055937 0.058475 0.048105 0.090959 0.032037 0.056203 -0.146957 0.100473 -0.070733 -0.004112 0.036605 0.068943 -0.044937 -0.057410 0.030331 -0.064408 0.021421 -0.008150 -0.128314 0.020182 -0.106818 0.104735 -0.073615 0.027402 0.065832 -0.041953 0.010292 -0.072279 0.065889 0.030005 -0.097148 0.050760 -0.062464 -0.039583 0.024949 0.128347 -0.050879 0.012824 0.079845 -0.108785 0.037659 -0.082420 0.121124 -0.032576 -0.007413 -0.040020 0.025467 0.038526 0.023162 -0.020288 0.040719 -0.135591 0.024911 0.004659 -0.048326 0.092718 -0.066018 0.041921 -0.057290 -0.013038 0.054746 -0.018766 -0.030493 0.076102 -0.108248 0.003998 0.019906 -0.009002 0.034410 0.001421 0.065090 -0.100692 0.048799 -0.013059 0.003978 0.026060 -0.062230 0.085779 -0.089325 -0.008781 0.047977 0.000155 0.029342 -0.001021 -0.059703 -0.021101 -0.043997 0.130109 -0.036065 -0.019473 0.027077 -0.106749 0.072108 -0.026592 0.057146 0.051578 -0.044090 0.029053 -0.102277 0.118731 0.040664 -0.033104 -0.050599 -0.043978 0.001424 0.050318 0.013495 0.095903 -0.117254 0.030188 -0.116975 -0.059496 -0.008523 -0.042955 0.047198 -0.039970 -0.024805 -0.018202 0.106376 -0.019146 -0.082775 0.071155 -0.089376 -0.041309 0.033501 0.057465 0.023794 0.076782 0.041942 -0.065318 0.060178 0.041451 -0.018865 -0.048110 0.031144 0.004411 -0.051723 0.055003 -0.027231 0.114967 -0.060693 -0.015900 -0.057577 0.024603 -0.053235 0.033203 -0.040914 -0.101631 0.089995 -0.067135 -0.002339 -0.009170 0.013980 0.055557 -0.163575 0.075897 -0.033692 0.057688 -0.017032 0.022675 0.022184 0.017580 0.081272 0.018976 0.018058 -0.041680 0.024281 -0.001839 0.036829 -0.089914 0.142812 -0.061316 -0.014863 -0.011030 -0.016853 0.101878 -0.048754 -0.099660 

0.100572 0.022965 -0.085325 0.119260 -0.070283 0.022607 0.075448 -0.129229 0.006239 0.060742 -0.060642 0.094727 -0.069131 -0.049208 0.097199 -0.057807 -0.081298 0.013964 0.041374 -0.071773 0.018308 0.039802 -0.022977 -0.011909 0.044508 -0.018032 -0.016622 -0.022175 0.004403 0.022814 0.010071 -0.043410 0.139684 -0.065854 0.007498 0.106656 -0.143238 0.053078 0.059449 -0.067239 0.021535 0.027714 -0.055688 0.064054 -0.000912 0.074279 -0.107350 0.115396 -0.036203 -0.074234 -0.066696 0.061838 -0.025364 0.014929 -0.066092 0.085560 -0.088614 0.134109 -0.025047 -0.035955 -0.027538 -0.003039 0.029644 -0.069851 0.050554 0.145111 0.002814 -0.007799 0.142028 -0.065901 -0.043072 0.120087 -0.096093 -0.040951 0.014564 0.028291 -0.001939 -0.039254 0.008477 -0.019263 -0.009075 -0.017275 -0.005227 -0.124653 -0.026015 0.040371 0.048592 -0.064039 0.053138 -0.011423 -0.020025 0.048311 -0.050362 0.038123 0.046875 -0.006066 -0.075928 -0.096520 0.126589 -0.003141 0.089689 -0.095543 -0.014616 -0.011192 0.017397 0.003118 0.017069 0.011433 0.015480 -0.015856 -0.011036 0.013917 0.041003 0.037157 -0.042348 -0.006081 -0.023151 0.047436 0.086097 -0.057359 -0.008267 0.012890 -0.004798 -0.065717 0.068249 -0.030181 -0.021577 0.021382 0.053544 -0.029907 0.037388 -0.036773 0.159752 -0.188210 0.026752 0.032652 -0.043862 0.042759 0.005162 0.007529 -0.025266 0.056857 -0.014170 -0.041608 0.082821 -0.179305 0.026483 -0.021988 0.060102 -0.048586 0.026759 0.099192 -0.091814 -0.004461 0.001738 0.026656 0.001250 -0.061845 0.070623 0.020352 0.061523 0.015894 -0.044170 0.064499 -0.048706 0.041557 -0.017196 -0.028051 -0.029070 0.116176 -0.107352 0.046272 -0.041856 0.039237 -0.092249 -0.059899 -0.140219 0.158768 -0.079425 0.093696 -0.133903 0.003743 0.075639 -0.023495 0.074233 -0.035767 0.021746 -0.010981 -0.003959 0.062195 -0.009750 0.098282 0.077347 -0.063633 0.042568 -0.072643 0.137678 -0.002310 -0.093281 0.012836 -0.021662 -0.026241 0.033030 0.030643 -0.010150 -0.096884 0.055998 -0.040666 -0.023386 0.065511 -0.029461 -0.010642 0.023375 -0.084199 0.093082 0.001231 -0.018399 0.013748 -0.031413 0.029647 0.021019 0.075732 -0.046777 -0.002507 0.019774 -0.055951 0.017792 -0.026435 0.107033 -0.092991 0.035436 -0.042633 0.101917 -0.157044 0.088649 -0.003519 -0.070925 0.049715 -0.014824 0.047543 0.057624 -0.054597 0.006351 0.042597 -0.063224 0.037881 -0.064002 0.049484 -0.010345 0.033606 -0.022036 0.008938 -0.036642 0.021860 -0.005339 -0.046354 

-0.041521 0.025192 0.058339 -0.046667 -0.045712 0.042523 0.061374 -0.032632 -0.038983 0.071347 -0.058969 0.006071 0.036918 0.010601 -0.026566 0.021617 0.009141 -0.043560 -0.022697 0.083740 -0.092532 0.009930 0.032804 -0.016579 -0.022705 0.042879 -0.008660 0.015525 -0.028697 -0.032962 0.001872 0.027320 0.002018 0.029488 0.124197 -0.063210 0.023603 0.026444 -0.084501 0.098755 -0.050453 -0.000140 -0.024392 0.008279 -0.006344 0.076461 -0.019405 0.033331 -0.030323 -0.104343 -0.136241 0.071145 -0.064300 0.015865 0.077024 -0.061286 0.083623 0.008092 -0.012972 0.037933 0.029502 -0.083600 -0.077648 -0.006583 0.063652 0.048975 0.090014 0.064919 -0.021344 -0.031544 0.019911 -0.057893 -0.006772 -0.037100 0.093097 -0.165061 0.097163 0.055159 -0.061856 0.101242 0.013704 -0.021582 -0.051715 -0.053078 0.047341 -0.074160 0.103730 0.001325 0.003311 -0.006550 -0.002555 -0.017885 0.091468 0.013018 -0.014422 0.036261 0.045782 -0.022974 0.006721 0.059791 -0.036534 0.038852 -0.150230 0.184897 -0.077220 -0.003670 0.057482 -0.073594 -0.064922 -0.031315 -0.046969 0.059714 -0.131320 0.044315 0.019011 -0.054119 0.004468 0.004919 0.095416 -0.077649 -0.082865 0.197538 -0.146238 -0.000122 0.095038 0.027833 0.009362 0.011839 0.052927 0.015788 0.003841 -0.027659 0.043184 -0.042444 -0.083424 0.147550 -0.059967 -0.034615 0.054014 0.048200 -0.071009 0.035942 -0.087584 0.044393 0.037727 -0.047043 -0.040565 0.030616 -0.032174 0.067621 -0.081584 0.018287 0.073251 -0.067232 0.006808 -0.050178 -0.041656 0.038340 0.017095 0.071333 -0.006083 0.022673 0.085395 -0.036789 -0.067100 0.124284 -0.031420 -0.105026 0.050195 0.018239 -0.012311 0.101300 0.024774 0.018949 -0.001923 -0.175904 0.075533 -0.084249 0.036438 0.018779 -0.097023 0.011775 0.044953 -0.004300 0.041417 -0.060816 -0.078057 0.002624 -0.104049 -0.027276 0.090239 0.052398 0.011649 -0.090939 0.030480 -0.000848 0.059668 -0.048485 0.045107 -0.006956 0.036516 0.042191 0.053970 0.016794 0.031556 0.004997 -0.008962 -0.012349 -0.018553 0.103865 -0.035137 -0.036005 0.010119 0.025057 -0.113119 0.051242 -0.074279 0.005107 0.071389 -0.117811 0.104499 -0.074267 -0.007693 0.052305 -0.051011 0.050150 -0.135443 0.119278 -0.031024 -0.085273 0.067250 0.077634 -0.039477 -0.039494 -0.046760 0.077958 0.067743 -0.122483 0.073756 0.006944 0.001471 0.033858 0.075243 -0.074283 0.061204 -0.032784 0.030437 -0.095717 0.065452 0.037624 -0.045471 0.014763 -0.094602 -0.014994 0.095044 0.042803 

0.058546 -0.047063 -0.025424 0.028070 0.037945 -0.058559 0.070516 -0.044847 0.076355 -0.051092 0.035622 -0.034225 0.092133 0.005578 -0.098489 0.078621 -0.112945 0.132475 -0.045193 -0.051175 -0.023636 -0.001801 0.120896 -0.155568 0.058820 -0.007876 -0.005255 0.012244 -0.085489 0.030631 0.017679 0.042394 -0.075968 0.005018 0.083793 -0.005506 0.023566 -0.055439 -0.036463 0.050070 0.058729 -0.023292 -0.080642 0.110834 0.041357 -0.080835 0.023037 -0.069277 0.101404 -0.059861 -0.059014 -0.006109 0.051651 0.008468 0.010943 0.034737 -0.161835 0.079486 -0.057281 -0.065790 -0.019463 0.161044 -0.160809 0.132872 -0.087446 0.101221 -0.041399 -0.008389 -0.021511 -0.053574 -0.006571 0.083985 -0.018377 0.045087 0.134797 -0.102920 0.019312 -0.003215 0.024711 0.101122 -0.072227 0.012662 0.062358 -0.030048 0.076107 0.031899 -0.065375 -0.006558 0.023222 -0.080207 0.046617 0.028516 -0.077056 -0.020090 -0.028481 -0.041966 0.121024 -0.051808 -0.034892 -0.032244 -0.062304 0.040567 0.092809 -0.112459 0.045958 -0.024209 -0.001703 0.010842 0.041196 -0.003343 -0.084946 0.049619 0.043565 -0.069290 0.036366 0.085280 -0.028565 -0.044651 0.000364 0.054828 -0.045998 0.007359 -0.037404 -0.006723 0.055267 -0.062899 0.049860 0.069448 -0.041623 -0.071199 0.102876 -0.069652 -0.019750 0.053564 -0.034707 0.011780 -0.016346 0.016782 0.008038 -0.010510 -0.022190 0.094659 -0.014914 -0.084493 0.025231 0.053467 -0.114383 0.078511 0.028404 0.015656 -0.055654 -0.027496 0.042734 0.028178 -0.068619 0.051772 0.071771 -0.121998 0.041756 0.016344 -0.122210 0.143230 -0.030664 -0.058580 -0.017006 0.046243 0.091485 -0.063593 0.009691 -0.007994 0.020949 -0.082112 -0.011703 0.024745 -0.020080 0.046880 0.028120 0.000677 -0.038812 0.115479 -0.034849 0.001577 -0.009812 -0.003561 0.006395 0.051171 -0.000303 0.017400 0.023724 0.005843 -0.059145 -0.015334 0.076835 -0.188110 0.093753 -0.047670 -0.043276 0.035381 0.014192 0.027541 -0.003085 -0.096647 0.064691 -0.033317 0.017324 0.042898 -0.006478 0.046022 -0.024619 0.055052 -0.032362 0.027816 0.044966 -0.108060 0.088519 -0.045108 0.064876 -0.038499 0.016530 -0.092778 0.058337 -0.063851 0.037006 -0.019274 -0.077975 0.180793 -0.104857 -0.043089 0.026643 0.129758 -0.147264 -0.011529 0.037326 0.059891 -0.028599 0.088568 -0.101924 0.020850 0.029317 -0.056321 0.038163 -0.044611 0.006104 0.002913 0.014425 -0.046539 0.018833 0.030691 -0.008165 -0.029452 -0.000810 0.066485 -0.009276 -0.012415 0.054264 -0.000109 

-0.056090 -0.055695 0.040411 0.001821 0.022992 -0.002506 -0.103106 0.078768 -0.044855 0.066979 -0.070483 0.016123 -0.082791 0.140068 -0.119094 -0.028801 -0.030007 0.091955 -0.046919 -0.100116 0.067067 -0.024559 0.054656 -0.033382 0.001930 -0.057655 0.068499 0.069300 -0.053180 0.067201 -0.091166 0.117023 -0.029124 -0.074725 0.085293 -0.016591 0.043443 -0.092966 -0.024157 0.054506 0.056634 -0.030924 -0.036033 -0.038991 -0.002401 -0.041008 0.051213 -0.029116 0.003225 0.032812 -0.035079 0.064868 0.017203 0.037864 0.004322 -0.097448 0.021593 -0.034569 0.025906 0.072321 -0.005676 0.019660 0.041557 -0.030690 -0.011803 0.091117 -0.063253 -0.106847 0.012066 0.027666 0.004052 0.003245 0.063489 0.008542 -0.031444 -0.017304 0.006740 -0.095163 -0.066019 -0.021890 -0.120523 0.084822 0.045413 -0.028413 0.077451 -0.048577 -0.065313 0.044818 -0.090221 0.086646 -0.093085 0.099245 -0.057670 0.063855 0.019590 0.034264 -0.121727 0.025365 -0.038677 -0.030022 0.002214 0.055855 -0.017508 -0.034310 0.041355 0.007191 -0.016216 0.036290 -0.005568 0.051809 -0.016737 -0.001423 0.134254 0.013276 -0.005420 0.050845 0.025977 -0.136134 0.098662 0.010468 -0.107180 0.131771 -0.064389 0.041568 -0.029043 -0.037250 -0.015294 0.042821 -0.072396 -0.062304 -0.001905 0.014027 -0.041774 0.157734 -0.089367 0.022939 -0.040364 -0.011972 0.063984 -0.047527 0.013930 0.013006 0.001788 -0.013581 0.087757 -0.010078 0.006879 0.025523 -0.094256 -0.033719 0.078670 0.035785 0.011571 -0.039072 -0.003549 0.062940 -0.090703 0.052770 -0.007771 0.018977 -0.041383 -0.097778 0.109351 -0.077663 0.111695 -0.044328 -0.043654 -0.026791 -0.043554 0.050579 0.021812 -0.037143 0.078847 -0.009087 -0.000666 -0.071908 -0.048946 0.085471 -0.062077 0.017684 -0.058446 0.068358 0.007514 0.058794 0.046666 -0.121052 0.085823 -0.144699 0.006999 0.021470 0.041044 0.048186 0.005939 0.089803 -0.107532 0.132186 -0.064396 -0.029083 0.047104 -0.114019 0.111385 -0.024133 0.066020 0.056649 0.003202 -0.099204 0.018604 -0.089479 -0.052296 0.024151 -0.000917 0.003970 -0.018174 0.010708 0.106540 -0.092853 -0.038849 0.029723 -0.082471 0.027007 -0.003580 0.100690 0.018323 -0.006523 -0.041459 0.061578 -0.115792 0.082209 0.031740 -0.105651 0.045811 0.001530 0.087987 -0.108534 0.111955 -0.072528 -0.006030 0.003399 -0.114863 0.073922 0.007457 -0.056302 0.057269 -0.025433 0.065327 0.000371 -0.007061 -0.022765 0.009979 -0.098107 0.144299 -0.060643 -0.001086 0.107137 -0.020647 -0.077174 

0.029377 0.046921 -0.027841 0.103366 -0.130257 -0.013298 0.038145 0.041185 -0.058065 0.002124 -0.000624 -0.002119 -0.023724 0.044408 0.006516 0.026869 0.000652 -0.046819 0.001753 0.012078 0.069713 0.004841 -0.064863 0.018030 0.020344 -0.007126 -0.022056 0.000771 0.019553 -0.054688 0.086868 -0.095432 -0.019140 0.021643 -0.077424 -0.046422 0.020328 -0.072010 0.017677 0.049200 0.019821 -0.004838 -0.022281 0.102624 -0.002495 -0.016225 -0.037476 0.015431 0.068259 -0.039661 0.165363 -0.019915 -0.010246 0.136377 -0.119399 -0.077297 -0.029733 0.047660 -0.052088 -0.073809 0.040935 0.041802 0.053218 -0.011428 -0.053416 0.035729 -0.083288 0.021390 -0.006987 -0.064615 0.037233 0.109362 -0.031462 0.030887 0.026394 0.006987 -0.065598 0.032736 0.001989 0.026800 0.043741 0.022380 0.051115 -0.071523 0.054522 -0.013582 -0.013047 -0.011423 -0.077640 0.038479 0.056303 -0.080543 0.031098 -0.069164 -0.011918 0.044197 -0.097541 0.065106 -0.038931 -0.040090 0.014358 -0.002322 0.037381 -0.036565 0.085623 -0.074820 0.042068 0.005137 0.041408 0.012381 -0.072771 -0.063563 -0.054217 -0.077775 0.152733 -0.046509 0.015583 -0.030301 0.019401 -0.027705 0.024438 -0.004282 0.027113 -0.058870 -0.035199 0.061343 0.018618 0.016176 0.052755 0.079310 -0.118406 0.024060 -0.032509 0.063707 -0.007832 0.014844 -0.080911 0.048312 -0.063217 0.108944 0.009241 -0.112162 0.108047 -0.063085 -0.060122 0.023522 0.086688 -0.042195 0.076426 -0.107193 -0.036838 0.053612 0.055277 -0.000306 -0.039183 0.030848 0.000331 -0.036762 0.014451 0.050777 -0.026177 -0.072104 0.084329 -0.071877 0.018311 0.148545 -0.024471 -0.128208 0.021225 0.047513 -0.080222 0.007661 0.064504 -0.036628 0.139754 -0.153522 0.010043 0.036638 -0.102798 0.035258 0.002546 -0.018574 0.014460 0.066617 0.044726 0.034025 0.037142 0.068330 0.010130 -0.051352 -0.010033 0.044074 -0.053584 0.107784 -0.058411 0.073141 -0.077324 -0.001350 0.059933 -0.101596 0.038206 -0.185577 0.066466 -0.003429 -0.043808 0.053363 0.001656 -0.004133 -0.126360 0.154772 -0.099348 0.012327 0.082132 -0.012689 -0.101077 0.141456 0.000547 0.028990 0.048254 -0.110612 0.009139 0.121811 -0.142430 0.089618 0.040874 -0.029720 0.053757 -0.000184 -0.122977 0.152630 -0.045225 -0.051636 0.026629 -0.004718 0.005201 -0.022626 0.073972 -0.055359 -0.034603 0.056908 -0.019827 -0.015167 -0.000542 -0.037621 0.101824 -0.050688 -0.020414 0.072914 -0.113743 0.146681 -0.070559 -0.000207 -0.011054 -0.013402 0.031717 0.047926 

-0.024595 0.048323 -0.001854 -0.039930 -0.015867 0.023487 0.041829 -0.018659 0.045589 -0.055247 -0.074740 0.113503 -0.023915 -0.048409 -0.087083 0.081081 -0.051489 0.115168 -0.075632 -0.072572 0.089370 -0.092295 0.065712 -0.050043 0.005007 -0.008330 0.080976 -0.057348 -0.089180 0.123862 0.040501 -0.041198 -0.087288 -0.032882 0.096805 0.020670 -0.019266 -0.086348 0.117979 -0.058438 0.001475 0.071202 -0.083700 0.022225 0.102225 -0.033051 -0.048752 0.110910 0.134842 -0.050537 -0.072299 0.032439 -0.014566 -0.001551 -0.003020 -0.105176 0.014982 -0.075537 0.038262 0.003446 -0.083295 -0.047537 -0.062782 0.040884 0.115522 -0.036268 0.073792 -0.003948 -0.027748 0.073082 -0.028183 0.045324 0.015846 -0.037985 0.090156 -0.107963 0.065418 0.131096 -0.053798 -0.058590 -0.098658 -0.101867 0.098664 -0.067933 0.005231 0.034420 -0.012575 -0.020731 0.010266 0.039921 -0.023732 -0.040555 0.082859 -0.071673 -0.059911 0.141233 0.070666 0.013528 -0.022794 0.011640 0.026056 0.035329 -0.072410 0.029767 -0.022296 -0.046466 0.100102 -0.076991 -0.026524 -0.003965 0.003473 0.098568 0.077442 -0.028337 0.013263 -0.084779 0.032900 -0.009456 0.019455 -0.000083 0.056460 -0.088036 0.112331 -0.080143 0.075215 0.018587 -0.085700 -0.070473 -0.183080 0.158576 0.013957 -0.064181 0.029715 0.027109 -0.058735 0.033928 -0.086017 0.120812 -0.069677 0.047700 -0.084517 -0.012607 0.092174 0.057503 0.014040 -0.075110 0.003717 0.104644 -0.093597 -0.019820 0.058087 -0.027545 0.030525 -0.073447 0.025235 0.012406 0.030210 0.089149 -0.113953 -0.001465 0.028307 -0.036200 -0.035834 0.032078 0.031893 -0.034008 0.008859 0.042917 -0.082995 0.112022 -0.011977 -0.036338 -0.001799 -0.011447 0.011077 0.030114 0.038689 -0.002195 0.062997 -0.016157 -0.010466 -0.021887 -0.019236 0.028282 -0.004444 -0.067233 0.107436 -0.002712 -0.067843 0.000002 -0.042048 0.029724 -0.074968 0.064740 -0.067004 -0.039331 0.051615 0.049711 -0.098723 0.078189 -0.014946 -0.050977 -0.064531 0.026397 0.078675 0.074019 -0.069950 0.023131 0.066282 -0.009811 -0.029930 0.062193 0.037260 -0.023073 -0.050139 -0.008513 0.044061 0.058082 -0.077578 -0.060649 -0.038277 -0.036079 0.062686 -0.005874 0.011336 -0.075127 0.095626 -0.067932 -0.052473 0.077642 0.045826 0.011248 -0.132261 0.021212 0.094197 -0.052042 0.027638 -0.079742 -0.020709 0.053729 0.078086 -0.072512 -0.052106 0.142341 -0.090165 -0.004432 0.036961 -0.012268 -0.004594 0.053440 -0.046918 -0.044420 0.039199 0.026937 -0.025583 -0.040270 

-0.070274 -0.041534 0.057001 0.044661 -0.068289 -0.034658 0.022387 0.029353 -0.031077 0.049044 0.064604 -0.103746 0.002853 -0.003610 -0.000865 0.080806 0.051245 -0.036004 0.035415 -0.049862 0.005780 0.009346 0.019064 -0.000910 -0.051908 0.016321 -0.008500 0.009564 0.026676 -0.009554 0.015097 -0.012097 -0.038437 -0.020760 0.077998 -0.017687 -0.054444 0.041725 -0.011991 -0.023010 0.116570 -0.119445 0.111726 -0.086066 -0.026600 -0.007557 -0.003595 -0.053393 0.031803 -0.050210 -0.009998 0.066549 -0.072219 0.052505 -0.068454 -0.037206 0.072110 -0.043726 0.056690 0.015933 0.030788 -0.024893 0.064100 0.037002 -0.029334 0.022846 0.043029 -0.059432 -0.044935 0.126685 -0.078152 0.029590 0.052812 -0.086565 -0.060806 0.082512 -0.038023 -0.013553 0.052493 -0.010606 -0.012564 -0.021174 -0.019264 0.105902 0.008847 -0.058706 0.039244 -0.059038 0.020478 0.047292 0.051671 -0.072199 -0.020572 0.082379 -0.011514 0.001542 0.041367 0.106954 -0.044659 -0.118857 0.073372 -0.064160 0.076135 0.002426 -0.025742 0.010191 -0.123324 0.140103 -0.053609 -0.068371 -0.085650 0.024672 -0.075888 -0.040344 0.032144 0.051268 -0.053904 0.060537 -0.101481 0.080457 -0.036214 0.045830 -0.000857 -0.057504 -0.003789 0.093730 -0.006259 0.060225 -0.042690 0.014325 0.059118 0.006888 -0.090929 0.083658 0.041494 -0.076498 0.029126 -0.052386 0.014838 0.099409 -0.036907 0.005288 -0.023741 -0.025074 0.026954 -0.030982 -0.055981 0.046277 -0.065225 -0.009420 0.099010 -0.139152 0.167499 -0.046570 0.001837 -0.018930 -0.034474 -0.044368 0.067599 0.064265 -0.043551 0.109623 -0.024760 0.100244 -0.092751 0.051395 -0.025956 0.012220 -0.121160 0.099464 -0.074438 0.041852 0.066338 0.054499 -0.158781 0.020367 0.033001 -0.061102 0.028750 -0.037197 0.042585 0.001698 0.133863 -0.070985 -0.002847 0.022160 -0.016640 -0.106127 -0.014447 0.010391 -0.014274 0.136166 -0.045054 -0.050387 0.111893 -0.069831 0.033882 -0.098033 -0.084019 0.169971 -0.012297 -0.118616 0.153594 0.071084 -0.047619 -0.008208 0.095221 -0.112713 0.018992 0.029397 -0.069009 0.035900 -0.032562 0.056313 0.050389 -0.078586 -0.023315 0.097733 -0.120549 -0.006520 0.031255 0.013516 -0.011648 0.038709 -0.003485 0.012287 0.000992 -0.024956 0.040510 -0.037491 0.002465 0.019318 -0.029125 0.044297 -0.043710 -0.034889 0.043842 -0.033907 -0.104045 0.187344 -0.008259 -0.023556 -0.060300 0.034088 -0.014132 0.002583 -0.003548 0.049404 -0.072391 0.113238 -0.143620 0.102411 -0.015333 -0.009512 0.003613 -0.041298 

0.078593 -0.053750 -0.017105 0.016065 -0.069210 0.062718 -0.031399 0.058938 -0.100525 -0.011410 0.093005 -0.078937 0.029259 0.017166 0.056337 -0.112340 0.049054 -0.009950 -0.050874 0.071533 -0.029617 0.004012 -0.018111 0.017011 -0.000387 0.063245 -0.078092 0.028344 0.015738 -0.019878 -0.070186 0.080350 -0.097226 0.088076 -0.030991 -0.043973 -0.007508 -0.028517 0.024216 -0.004875 -0.055902 0.145392 -0.119686 0.077075 -0.029750 0.011899 0.043598 0.014334 -0.019987 0.028221 -0.058925 0.045846 0.038501 0.005944 0.064542 0.006857 -0.107806 -0.090491 0.133210 -0.026957 -0.048843 0.087526 -0.127745 -0.006925 0.076280 0.090121 -0.058222 0.129569 -0.083161 -0.037484 -0.049357 -0.011191 0.206260 -0.089002 -0.040279 -0.005145 0.006760 -0.004848 0.014860 -0.034672 -0.109584 0.066519 -0.045345 -0.087302 -0.029689 0.095336 0.056103 -0.109066 -0.021290 0.017736 0.085412 -0.049506 -0.020171 -0.048190 0.091080 0.022975 -0.123044 0.072604 -0.048100 0.014341 0.067253 -0.065709 -0.073549 0.088177 -0.006584 -0.003836 -0.061962 0.062277 0.108239 -0.079662 0.069350 -0.026277 0.089358 -0.126010 0.100038 -0.021947 -0.026731 0.014765 0.048379 -0.005850 -0.019609 0.042773 0.008241 0.026615 -0.089678 -0.040584 0.093698 -0.146922 0.035878 -0.027210 0.006575 -0.095771 0.164705 -0.069038 -0.015025 -0.004093 0.013177 0.042214 -0.112607 0.047731 0.075699 -0.072805 0.068722 -0.024176 0.000598 0.118479 0.001498 -0.038571 0.002109 -0.055680 0.036720 -0.002936 -0.001857 0.014507 0.042296 -0.028697 -0.041770 0.039461 -0.005393 0.017394 -0.100887 0.013156 -0.048427 0.055964 0.113198 -0.009315 -0.046894 -0.008245 -0.029262 -0.036356 -0.038043 0.009557 0.017437 0.028910 -0.110956 -0.021701 0.087662 0.001661 -0.034700 -0.047179 -0.127134 -0.037974 0.154320 0.049863 -0.020601 0.088758 0.107361 -0.030771 -0.032817 -0.011251 0.004788 0.050403 -0.040729 -0.088493 0.054287 0.114954 0.023737 -0.035469 -0.089533 -0.029193 -0.029645 -0.081310 0.006860 -0.052770 0.134571 -0.067398 0.019865 -0.003781 0.072857 0.009636 -0.011308 -0.052642 -0.059161 0.091661 0.026705 -0.019358 0.045257 0.050813 -0.050844 -0.038210 0.055845 -0.042417 0.053169 -0.044557 -0.037983 -0.060583 0.050698 0.061625 -0.006636 -0.006916 -0.065059 0.073982 -0.109771 0.108797 -0.002754 -0.050508 -0.005717 0.064929 -0.007335 -0.060323 0.041650 0.018341 0.000464 -0.046597 0.017244 0.047895 -0.072871 0.046190 0.038374 -0.077697 0.041471 0.030308 0.002620 -0.045414 0.038095 0.030702 

0.015363 0.056672 0.009881 0.050715 -0.020613 -0.130119 0.043079 0.055141 -0.046293 0.056551 -0.026722 -0.075570 -0.004676 0.250119 -0.213212 0.004655 -0.066649 0.012134 -0.055644 0.045867 0.020823 0.023571 -0.007490 -0.032290 0.030545 -0.072952 0.095998 0.014659 -0.065814 -0.041006 -0.048238 0.104141 0.069322 -0.077957 -0.035475 0.028094 -0.021689 -0.039879 0.019679 -0.122922 0.183837 -0.021531 -0.077326 0.002020 0.051869 0.022865 0.002098 -0.019224 0.098171 0.008321 0.038522 -0.021501 -0.053061 0.088920 -0.028657 -0.023902 0.006194 -0.083329 0.066212 -0.060901 0.010112 0.009424 -0.001236 0.007370 -0.019018 -0.067089 0.055253 0.001366 -0.027498 0.003418 -0.070096 0.007764 0.027748 -0.001669 0.087388 -0.024252 -0.103896 0.004135 -0.048464 -0.040429 0.047962 -0.028795 -0.038692 0.010438 -0.016310 0.105526 0.026841 -0.061886 -0.026786 0.065054 -0.134844 0.127277 0.111250 -0.001275 0.047659 0.003830 0.004856 0.068440 0.064293 -0.060065 0.014699 -0.065286 0.035874 0.050991 -0.085892 0.039119 0.029055 -0.053914 -0.055583 -0.015454 0.006086 -0.017484 -0.034535 -0.021101 -0.012111 -0.051300 0.098825 -0.013626 -0.018866 -0.010650 0.068717 -0.110443 0.101633 -0.068386 0.005525 0.074854 -0.007672 -0.002664 0.080603 -0.172753 0.076066 0.057797 -0.053365 -0.052931 0.018160 0.040215 0.020825 -0.007429 -0.073620 0.110631 0.008942 -0.029913 -0.096385 0.045773 0.090604 0.030709 -0.053815 -0.034671 0.028404 0.077158 -0.021323 0.006925 -0.131520 0.139641 -0.006067 -0.064449 -0.065895 -0.019305 0.105699 0.018573 -0.098669 0.142175 -0.021458 0.045539 -0.083401 -0.034602 -0.000995 0.034515 0.080455 -0.056979 -0.048840 0.089348 -0.020885 0.058075 -0.077629 -0.145609 -0.059645 -0.041510 0.022889 -0.017010 0.132673 -0.066306 0.035831 -0.069889 -0.017369 -0.042870 0.060119 0.045869 -0.010476 -0.030077 0.039628 0.096639 -0.013460 0.084653 -0.051785 -0.043198 0.009104 -0.020494 0.045117 -0.018923 0.109534 -0.042492 -0.031431 -0.056789 0.018566 0.049518 -0.018502 0.041801 -0.060159 0.043735 0.004822 0.029195 -0.008826 0.078238 -0.055735 -0.065047 0.050503 0.002362 0.052870 -0.057321 0.052220 -0.035387 -0.054614 -0.027885 -0.002736 -0.020239 -0.045355 0.042886 -0.015033 -0.051306 0.032670 0.023309 -0.004073 0.014415 -0.003230 0.026597 -0.101538 0.037838 0.130410 -0.147602 0.059109 -0.007180 -0.051325 0.067954 -0.005731 0.056744 -0.075553 0.020662 -0.020968 -0.008815 0.068092 -0.096647 0.096842 0.007152 -0.055220 0.013043 

0.055028 0.023242 -0.003589 -0.055104 -0.017674 0.039997 -0.081845 0.109420 -0.062597 -0.042065 0.106883 -0.092249 0.039989 -0.028493 -0.060064 0.106560 0.011628 -0.022797 0.038226 -0.005565 0.018376 -0.039980 -0.037566 0.007096 0.070585 -0.089509 0.061029 -0.033261 -0.013276 0.074643 -0.053479 -0.029027 0.008289 -0.022329 0.069154 -0.055746 0.075914 0.024965 -0.089936 -0.025930 0.061892 -0.070024 -0.003810 0.042082 -0.086856 -0.089551 0.024114 0.047421 -0.041939 -0.033974 -0.006634 -0.069903 0.057016 -0.034023 0.060356 0.017831 -0.066929 0.045027 -0.009350 -0.001977 0.071253 0.073381 -0.040442 -0.002675 0.053965 -0.026065 0.034437 0.026224 -0.026477 -0.048227 0.072705 -0.030677 0.026760 0.006087 0.022714 -0.124249 0.067977 -0.008604 -0.045994 0.139476 0.056641 -0.020405 -0.033123 0.019012 0.024352 -0.088363 0.096673 -0.093830 0.039294 -0.047194 0.089405 0.008485 -0.085125 -0.005999 -0.064083 0.083299 -0.041121 0.013865 0.050681 -0.052929 0.013173 -0.034519 0.099281 -0.028930 -0.004060 0.032585 -0.031920 0.011547 0.107495 0.031384 -0.062505 0.046407 0.013855 -0.031673 -0.086118 0.125543 -0.024202 -0.008241 -0.057369 0.073653 -0.023971 -0.036625 0.063223 -0.013914 -0.087797 0.059523 -0.113500 0.080025 0.074601 0.031399 0.010164 -0.131606 0.111923 -0.094475 0.089615 -0.045153 0.052613 -0.019299 -0.039387 0.061220 -0.027217 -0.005311 0.065375 -0.067008 -0.024187 -0.169133 0.160776 0.036770 -0.022024 0.029334 -0.106357 0.052635 0.044434 0.004760 -0.007268 -0.074176 0.039947 -0.014611 -0.014295 0.030678 0.082958 0.058060 -0.031479 -0.186255 0.112912 0.126286 -0.063470 -0.059615 0.063503 -0.067860 0.047309 -0.006158 0.031703 0.057537 -0.053340 0.006228 -0.062789 -0.041514 0.092809 0.035734 -0.054608 -0.035215 -0.015318 0.036587 -0.004673 0.026733 0.014014 -0.034887 -0.058710 -0.073608 0.058743 -0.020700 -0.100293 0.168748 -0.120901 -0.010872 0.030178 -0.102374 0.171617 -0.047591 -0.119015 0.078932 0.017531 -0.011818 0.083243 0.064835 0.014730 0.000157 -0.005145 0.066473 -0.008455 0.011537 -0.004493 0.015968 0.044376 -0.139908 0.165402 -0.058097 -0.019154 0.029598 -0.040567 -0.026547 -0.028548 0.046777 -0.020598 -0.062661 0.047038 0.002789 0.038734 -0.128980 0.100432 -0.032864 -0.011836 -0.010571 0.000636 -0.006641 0.027160 -0.005234 0.015203 0.035581 0.075472 0.029612 -0.086874 0.061051 -0.042428 0.032632 -0.037064 0.009008 0.026520 -0.004698 -0.013566 0.033748 -0.061091 0.109544 -0.073127 -0.105206 

-0.022462 0.021263 0.022577 0.093484 -0.025224 -0.072251 0.015336 -0.027109 0.055309 0.010036 -0.054792 0.048396 -0.057165 -0.026206 0.085783 -0.087421 -0.000813 -0.097183 -0.047805 0.027729 0.010098 0.119795 -0.107155 0.068898 -0.033870 -0.054713 0.096667 -0.043748 0.027195 0.078867 -0.090919 -0.009808 0.036915 0.088056 -0.023768 -0.047217 -0.011748 0.018177 -0.133744 0.192286 -0.052110 0.115583 -0.134378 -0.020776 -0.001483 -0.049837 0.049831 0.044405 -0.031107 -0.016710 0.006662 0.042259 -0.030361 0.102301 -0.064603 -0.046847 0.034235 -0.047082 0.131759 0.010389 -0.014317 -0.005385 0.009333 -0.097302 -0.076897 0.043419 0.015964 -0.056176 0.045223 -0.037582 -0.030952 0.016646 -0.007369 -0.026977 0.038490 -0.003733 -0.009804 0.048540 -0.036678 0.020190 -0.066997 0.147689 -0.081089 -0.063608 0.017490 0.057481 -0.027234 0.052199 -0.027818 -0.059084 0.004883 -0.072720 0.167088 -0.089617 0.061028 -0.078714 -0.037916 -0.041614 -0.004928 0.101360 -0.079004 0.039022 -0.021957 0.024090 -0.060471 0.050982 0.038265 -0.020747 -0.042715 0.014848 0.053462 0.006709 -0.009458 0.054387 0.042972 -0.128795 0.086307 0.032652 -0.095571 0.077827 0.013219 -0.037887 -0.018381 -0.019117 0.047484 -0.065603 0.010765 -0.023493 -0.010639 0.021863 -0.043483 0.049428 -0.024073 -0.076622 0.165376 -0.118453 -0.060612 0.071938 0.037735 -0.025682 0.001600 -0.023430 0.075831 -0.018976 0.033023 -0.019611 -0.011646 0.014789 -0.013367 0.057104 -0.090186 0.023588 0.076765 -0.069880 -0.034346 0.025100 -0.012179 0.029427 -0.024234 -0.008124 -0.061236 0.054486 -0.034131 -0.003470 -0.028837 -0.024127 0.100739 -0.042718 0.012757 0.010732 0.038944 -0.061020 0.124460 -0.068423 -0.087234 0.068503 0.041060 -0.111312 0.129363 -0.055950 0.101500 -0.089654 -0.096927 -0.034766 0.038074 0.057799 -0.003963 0.012012 -0.092011 0.052084 0.116495 -0.026373 0.037953 -0.016516 -0.021795 0.021223 -0.038015 0.060415 0.046218 0.021473 -0.053117 -0.097751 0.029028 0.066318 -0.023495 -0.060214 -0.015037 -0.053529 -0.000599 0.065700 -0.065060 0.101052 -0.036792 -0.096344 0.151007 -0.209828 0.149992 -0.014409 -0.035756 0.013136 -0.024356 0.095665 -0.114456 0.077578 -0.126694 0.081516 -0.035872 -0.063598 0.081805 -0.025179 0.010708 0.021820 0.011193 -0.045367 0.001372 -0.033918 -0.032630 0.060271 -0.023644 -0.037015 0.058538 0.076524 -0.068978 0.050008 0.025796 -0.054545 0.066351 -0.028606 -0.009134 0.028296 -0.013408 0.024202 0.004130 0.014319 -0.025043 -0.006293 

-0.002503 -0.038380 0.008979 0.065919 -0.010636 0.028830 0.019301 -0.079627 0.082209 -0.111406 0.071063 0.020164 -0.038013 0.016392 -0.026381 -0.008607 -0.102925 0.112985 -0.097987 -0.079650 0.054864 -0.026203 0.024911 -0.003633 0.014089 0.005583 0.014380 -0.051685 0.038334 0.068745 -0.074085 0.030574 0.018264 0.006144 0.090462 -0.014577 0.020951 0.034627 -0.024647 0.001303 -0.047380 0.008110 0.077230 -0.063650 0.001805 -0.065734 -0.026955 -0.001933 0.019284 -0.058878 0.021731 -0.008381 -0.019819 0.075367 -0.069971 0.035637 0.004295 -0.021450 -0.095062 0.110086 -0.075972 0.025679 0.090926 -0.108378 -0.062801 0.098292 -0.087217 -0.085668 0.073350 -0.073206 0.046462 0.048804 -0.057313 0.171420 -0.096067 0.018301 0.041268 0.003771 0.024121 0.001609 -0.079583 0.102188 0.000134 0.014461 0.063098 -0.068432 -0.020032 0.020213 -0.067735 -0.003281 0.032760 0.067781 -0.102344 -0.002581 0.022677 0.066571 0.007931 -0.036204 -0.007192 -0.000480 -0.046139 0.006042 0.013543 -0.011145 0.071406 -0.075309 0.002021 0.019976 0.074022 -0.089135 0.098155 -0.055088 -0.101676 0.090474 -0.026785 -0.014663 0.033894 0.012880 0.008592 -0.053940 0.017864 0.056826 -0.051870 0.034326 -0.075590 0.055140 -0.029143 -0.140728 -0.091100 0.159962 -0.069283 0.047162 -0.045301 -0.070930 0.079293 0.002242 -0.039490 -0.033572 0.042828 -0.031205 -0.010769 0.070393 0.026134 0.019706 0.024235 -0.012091 -0.026389 -0.037150 0.111037 -0.029028 0.003233 -0.060499 0.007898 0.055093 0.004161 -0.025433 0.038242 -0.088927 -0.030914 0.017352 -0.045694 -0.023085 0.106544 0.004815 -0.121208 -0.002531 0.041585 -0.021595 0.092500 -0.126256 -0.039410 0.017555 -0.009073 0.072616 0.008365 -0.063677 0.103387 -0.102917 -0.029031 0.053749 -0.001127 0.126144 -0.036803 -0.119902 0.095195 0.094234 0.067000 0.015447 -0.090478 0.003933 -0.056240 0.032003 0.010489 0.025299 0.004245 -0.047765 0.033520 -0.130135 0.071812 0.042699 -0.051411 -0.138498 -0.021360 0.024560 0.106983 -0.028921 0.067679 -0.005924 -0.011079 -0.035963 0.055190 -0.022576 -0.047250 0.155870 -0.075687 -0.061607 0.073393 0.042758 0.010075 -0.055175 -0.054824 -0.052051 0.120385 -0.106532 0.090034 -0.087585 0.034028 -0.019981 0.071289 -0.147158 0.020606 0.142722 -0.165532 0.048474 0.021573 0.011514 0.029513 -0.044464 0.099769 -0.138037 -0.010314 -0.056177 0.034012 -0.022239 0.021807 0.026326 -0.058079 0.035087 -0.041082 0.056069 -0.021348 -0.078357 0.049018 -0.032394 -0.037751 -0.036452 

-0.028083 -0.043503 0.023568 -0.060832 -0.000504 0.012963 0.046874 -0.018602 -0.110397 0.080677 0.070872 -0.107193 0.117781 -0.113271 0.069837 0.002895 0.076010 -0.015257 -0.000965 0.091831 -0.062395 -0.049881 0.038836 0.058943 -0.008361 -0.011309 -0.075371 0.011650 -0.016490 0.022051 -0.045994 -0.036077 -0.032960 -0.066949 0.021003 -0.013245 -0.099509 0.104811 -0.080644 0.054358 -0.079721 0.099236 0.027039 0.040955 0.001924 -0.030854 0.003230 -0.019319 0.050287 0.007268 -0.019669 0.067971 0.030332 0.044152 -0.203588 0.087651 0.052169 -0.106466 0.048343 -0.065648 0.080436 -0.077630 0.120447 -0.016490 -0.043050 0.066876 -0.027200 -0.031685 -0.121970 0.169901 -0.008846 -0.018643 0.004691 0.056336 0.004851 -0.032105 0.025160 0.021872 0.004807 0.047880 -0.041736 0.054405 0.001504 -0.002871 0.074375 -0.080671 -0.022342 -0.006965 -0.050994 0.003519 0.047808 -0.014696 0.058632 -0.023092 -0.049253 -0.039174 0.038228 -0.145654 0.065608 0.035839 -0.072365 0.014031 0.052021 0.040472 -0.013127 -0.002686 -0.033910 0.003670 -0.092185 0.110587 -0.062553 0.120660 0.005887 0.098970 0.014207 -0.085864 0.102488 -0.084086 0.009760 -0.046704 0.009985 0.003559 0.001923 0.030183 -0.076840 0.119008 -0.183936 0.106011 -0.082196 -0.047345 0.030948 -0.063434 0.061574 0.052490 -0.063445 0.013690 0.029689 -0.053809 0.021648 -0.015611 0.008144 0.023197 0.025487 -0.075996 0.034647 0.148734 -0.081057 0.040712 -0.021356 -0.078007 0.084261 -0.040861 -0.021954 0.089227 -0.102849 0.144971 -0.114053 0.012531 0.018265 0.033853 -0.043440 -0.014413 -0.038428 0.073386 -0.018502 -0.034593 0.030509 -0.101549 0.069652 0.055728 -0.135376 0.097156 -0.069150 0.004622 0.025038 -0.070296 -0.093156 0.049135 -0.031553 0.079343 -0.018218 -0.060126 0.048415 0.061911 -0.105030 -0.018591 0.074088 0.032203 -0.032483 0.017174 -0.004758 -0.018815 0.078736 -0.006068 -0.071758 0.033645 0.020577 -0.005355 0.044462 0.004946 -0.091952 0.059545 -0.039116 -0.121464 0.130543 -0.043965 -0.024725 0.081503 -0.046854 0.024041 0.004977 0.046359 -0.021192 -0.015091 -0.067406 0.015767 0.119966 -0.087864 -0.026993 0.018847 0.026403 -0.027016 0.002035 -0.035784 0.037125 -0.065275 0.069324 -0.175451 0.060650 0.032358 0.034848 -0.073278 -0.015072 0.026295 0.067103 -0.034830 -0.065276 0.041325 0.045540 0.020655 -0.089756 0.016627 0.024679 0.015096 0.025000 -0.030563 -0.016909 0.025093 -0.010123 -0.035870 0.038883 -0.020973 -0.035554 -0.000346 -0.037909 -0.079598 

0.061482 -0.006956 0.006556 -0.060409 -0.053295 0.039418 0.088541 -0.066976 -0.026040 0.006555 0.000052 -0.027622 0.096591 -0.079983 0.036683 -0.011928 -0.093208 -0.020512 0.025111 0.084425 -0.027264 -0.074041 0.028663 0.022031 0.020747 -0.029674 -0.039910 0.015280 -0.055078 -0.049563 0.049499 0.045608 0.119787 -0.050438 0.002628 -0.074133 0.055268 -0.033288 -0.029018 -0.002879 0.022373 0.037324 -0.027708 0.022890 0.045998 0.136933 -0.168337 -0.043729 0.000874 -0.034387 0.093966 -0.056359 0.054001 -0.022221 0.022503 -0.118048 0.040384 -0.023119 0.030185 -0.053680 -0.072937 0.061382 -0.011998 0.233820 -0.051054 -0.028751 -0.017181 0.072104 -0.034611 -0.026738 0.054555 0.043023 -0.064121 -0.021886 0.034310 0.044508 -0.038362 -0.058230 -0.052772 -0.024866 0.085410 0.041181 -0.087516 0.065130 0.000592 -0.031326 -0.046453 0.119025 -0.099588 0.061804 -0.054935 0.023803 0.055211 0.020009 -0.107307 -0.034047 -0.089348 0.034561 0.002464 -0.073166 0.027657 0.080264 -0.102913 0.012133 0.031556 0.063638 -0.049878 -0.046933 0.012232 0.059150 0.067816 0.066660 -0.080060 0.039471 0.040729 0.053123 -0.081489 0.014077 0.005004 0.038903 -0.068742 0.045929 0.017701 -0.040558 0.125942 -0.158092 -0.026958 0.109236 -0.019991 0.042032 -0.081119 0.033697 0.047155 -0.039508 -0.019006 0.041198 -0.044904 0.026529 -0.004408 -0.011479 -0.023692 0.062353 0.003073 -0.051126 -0.013325 0.081725 -0.004399 -0.047297 0.013125 0.053457 -0.051568 0.009078 -0.008606 0.034095 0.023860 -0.012278 -0.035205 0.032662 -0.078373 0.018226 -0.088030 0.073983 0.034265 -0.033499 -0.023889 -0.080373 0.192271 -0.035664 -0.010980 -0.048316 -0.048876 0.064222 -0.018309 -0.023929 0.054353 0.119390 -0.121097 0.130131 -0.066100 -0.010692 0.114246 -0.116468 -0.006619 -0.007658 0.036602 0.114326 0.032496 -0.091023 0.030504 0.025364 -0.072942 -0.063945 -0.080696 0.073087 -0.040610 -0.018064 0.021278 0.018510 -0.041353 0.016449 -0.078915 -0.108445 0.052851 0.065171 -0.036028 0.014318 0.045969 -0.027824 0.095747 -0.082464 0.054119 -0.006662 -0.120158 0.118480 -0.003616 -0.067232 0.129763 -0.011092 -0.077322 -0.079831 0.085541 -0.084398 0.091970 0.078405 -0.010939 -0.117705 0.000626 0.062117 0.047441 -0.105929 0.076186 -0.058406 0.027711 -0.015455 0.118433 -0.071923 0.054052 -0.074643 -0.063155 0.009681 0.084444 -0.004334 0.061226 -0.061241 0.032919 0.049243 -0.034313 0.023527 -0.012495 -0.006180 -0.032927 0.046835 -0.003622 0.013475 0.074624 -0.008260 

